134217728      
268435456      
3221225472     
4026531840     
3758096384     
2147483647     
4294967295     
305419896     
3735928559    
2882400001     
4096           
8192          
1048576        
15728640      
536870912    
1073741824    
1610612736     
2147483648   
2684354560   
2952790016   
3489660928    
4093640704     
4160749568     
4194304000    
4261412864     
4278190080    
4286578688   
4290772992     
4292870144   
4096
4096
4096
8192
8192
134217728
134217728
134217728  
